1.9061 8.90143 16.1042 12.5943 47.868
1.50155 5.52391 13.9021 11.826 38.4736
1.67037 6.83587 14.9818 12.1423 42.3823
1.8526 8.4087 27.0152 17.177 31.9029
1.62643 6.48093 11.9861 10.8547 47.2398
2.1155 10.9646 31.7486 18.2395 34.6335
2.92783 21.0019 39.6969 19.7396 46.6174
2.38901 13.9831 33.9819 18.4218 39.4534
1.32226 4.2835 14.3245 12.623 30.8823
2.11461 10.9553 30.4389 17.736 35.7472
1.63993 6.58899 17.4809 13.349 37.0109
2.83727 19.7227 34.8304 18.5468 48.5555
2.26943 12.6183 25.9501 15.9502 44.2014
1.75516 7.54745 25.7986 17.0299 30.3322
1.49742 5.49359 12.0236 10.8771 42.4211
2.59857 16.5437 31.9139 17.6907 46.0343
1.86221 8.49621 17.856 13.2364 43.5805
1.81521 8.07269 18.9364 13.7092 40.4513
2.06861 10.484 31.5524 18.3138 33.6057
1.84304 8.32214 16.0427 12.5429 46.0544
1.81735 8.09176 14.2091 11.8503 48.717
1.81261 8.04957 18.8285 13.667 40.5319
2.16761 11.5114 24.3704 15.4666 43.3712
1.88506 8.706 16.6926 12.7958 46.2085
2.37215 13.7863 33.5596 18.31 39.4066
2.57767 16.2787 29.3298 17 47.9854
1.55959 5.95919 16.2596 12.9264 36.2417
1.4658 5.26396 17.5793 13.9792 30.9167
1.4558 5.19243 17.3615 13.8963 30.886
1.62571 6.47515 11.7086 10.7391 47.8826
2.27448 12.6745 30.0904 17.2983 40.1118
1.42542 4.97799 13.9791 12.04 35.4586
1.3595 4.5282 14.034 12.2857 32.8348
2.59733 16.528 29.114 16.9594 48.6281
2.06212 10.4182 25.7972 16.081 38.9278
2.26086 12.5231 30.2645 17.3758 39.6105
1.34887 4.45768 10.7101 10.331 39.7749
2.11805 10.991 35.2269 19.6043 31.9646
1.63206 6.52583 21.6437 15.4863 31.0909
1.69846 7.06765 15.4185 12.3155 42.5139
1.6549 6.70983 15.9255 12.5842 40.1193
2.71487 18.0577 34.4379 18.3813 46.3621
1.19147 3.47803 11.0355 10.9486 32.2246
1.74404 7.45214 24.9871 16.6822 30.8152
2.43576 14.5357 37.4904 19.477 37.7913
2.19729 11.8289 35.1526 19.2838 33.9405
2.17862 11.6287 25.0746 15.698 42.8467
1.28365 4.03698 10.2909 10.1899 38.1167
2.50595 15.3855 27.4711 16.4606 48.2428
2.03865 10.1824 17.8622 13.2875 48.7456
2.20765 11.9406 21.2083 14.4675 48.3925
2.42642 14.4245 35.654 18.9017 38.9775
1.30274 4.15798 11.1145 10.6554 36.8042
2.39212 14.0195 28.0762 16.5875 44.962
1.29067 4.08131 13.7991 12.4219 30.6056
1.56865 6.02865 10.6823 10.2691 48.4603
1.18483 3.43938 11.374 11.2187 31.1646
1.87112 8.57763 15.2637 12.2722 48.3393
1.56212 5.97854 19.7231 14.7649 31.2263
2.66158 17.3558 36.7867 19.0031 43.3375
1.50758 5.56838 15.6117 12.7202 35.5026
2.05432 10.3396 30.4351 17.9114 34.1942
1.32626 4.30947 10.9001 10.4776 38.3341
1.34367 4.42333 12.1086 11.1605 36.1522
2.13563 11.1742 28.4742 16.9492 38.1271
2.9817 21.7819 37.6698 19.315 49.1499
2.57166 16.2029 34.4271 18.3849 43.2676
2.78439 18.9944 38.1095 19.3255 44.9092
1.43535 5.04755 10.252 10.024 44.5583
1.67056 6.83737 18.6816 13.8586 36.2038
1.64829 6.6563 16.7271 12.9698 38.5152
1.43767 5.06388 14.0299 12.0358 35.8244
1.68164 6.92843 18.3893 13.6923 36.9991
1.51932 5.65539 12.7555 11.2209 41.5646
2.46173 14.8472 27.9951 16.5779 46.6873
2.01279 9.92574 19.8563 13.9496 44.9931
1.8451 8.34074 17.6056 13.1448 43.4561
1.4351 5.04583 16.9071 13.7202 30.8325
2.1738 11.5772 24.8479 15.6242 42.9796
1.43911 5.07404 14.6755 12.3983 34.6637
2.22792 12.1608 23.52 15.1864 45.96
1.28841 4.06698 12.6923 11.7005 32.6541
1.22259 3.66207 11.3098 11.0211 32.9267
1.9037 8.87899 25.6749 16.3985 34.6695
1.86839 8.55268 15.9964 12.5346 46.9187
1.75851 7.57625 17.5873 13.2012 40.7468
2.73141 18.2785 34.6952 18.452 46.4968
1.13133 3.13579 10.3132 10.6692 31.3043
1.32502 4.3014 12.7101 11.5831 34.092
2.07603 10.5593 33.3428 19.0113 32.3493
2.04097 10.2056 27.0444 16.6011 37.0429
1.49989 5.5117 10.4032 10.1056 46.658
1.35433 4.49381 13.1216 11.7435 34.4091
1.6175 6.40992 16.2122 12.778 38.3352
1.94298 9.24919 16.3553 12.7082 48.5185
2.42862 14.4505 27.4018 16.3987 46.5254
1.13697 3.16711 10.7429 10.9688 30.5245
2.12275 11.0399 26.8796 16.387 39.4007
1.85745 8.45276 19.1273 13.7433 41.4717
1.51333 5.6109 16.9422 13.4284 33.5189
2.20181 11.8775 20.9318 14.3797 48.615
2.57412 16.234 37.2953 19.2096 41.0417
2.67447 17.5243 32.207 17.7977 47.4194
2.17375 11.5768 20.6973 14.2867 48.2059
1.75129 7.51423 14.216 11.8124 46.5913
2.00472 9.84636 27.6958 16.9516 35.4142
1.74325 7.44536 20.5882 14.5755 35.8769
1.49526 5.47769 13.7634 11.7647 38.519
1.83542 8.25347 19.8183 14.0525 39.7914
2.21211 11.9889 33.0864 18.4716 35.9311
2.6088 16.6743 32.7548 17.9178 45.5147
1.39542 4.77061 11.7112 10.8254 39.1699
1.82186 8.13197 15.0606 12.1668 47.1999
2.12511 11.0645 28.1246 16.8398 38.1963
2.08536 10.6544 18.3654 13.4897 49.2429
1.69384 7.02925 19.5078 14.196 35.7788
1.6613 6.76176 17.7129 13.4144 37.3612
2.52936 15.6742 27.3809 16.4558 48.8649
1.3307 4.33836 10.8311 10.4291 38.698
2.13658 11.1841 29.1826 17.2094 37.4699
1.8986 8.83146 22.7333 15.1631 37.8458
2.27416 12.6709 24.5791 15.5238 45.8753
1.60042 6.27533 21.1024 15.3413 30.7421
2.19963 11.854 32.3029 18.2164 36.2761
1.50385 5.54083 17.4051 13.7205 32.4845
1.77299 7.7016 16.3526 12.6705 43.2875
2.60297 16.5999 34.3146 18.343 44.054
1.92389 9.06827 24.4518 15.8241 36.5653
2.37899 13.866 37.3438 19.5523 36.5981
2.41472 14.2857 37.9171 19.6613 36.9988
3.0275 22.4561 38.8669 19.6184 49.1272
2.78653 19.0237 32.3542 17.9233 49.6233
1.42378 4.96651 12.3941 11.1557 38.7097
1.85495 8.43006 20.4631 14.2937 39.4861
1.64415 6.62289 21.2339 15.2216 31.956
1.68278 6.93774 13.8679 11.6579 45.0156
1.85138 8.39768 17.635 13.154 43.603
1.72927 7.32641 22.6993 15.6239 32.843
1.8483 8.36969 20.4766 14.3094 39.2656
2.15674 11.3962 25.9494 16.014 41.2942
1.10114 2.97066 9.68865 10.3213 31.5177
2.20309 11.8913 29.8432 17.3214 38.552
1.90936 8.93187 23.817 15.5926 36.8714
1.48608 5.41063 13.08 11.4234 39.6014
2.29615 12.9172 30.0683 17.2647 40.6688
1.24461 3.7952 12.9712 12.0751 30.3351
2.42576 14.4166 38.3579 19.7819 36.9318
2.54163 15.8267 33.8127 18.2232 43.1109
1.70285 7.10428 16.6145 12.8381 40.5368
2.04182 10.2141 27.5268 16.7884 36.5799
1.37447 4.62844 12.7746 11.4779 35.9282
2.06372 10.4344 22.8178 14.9835 42.4456
2.55128 15.9471 26.9844 16.3753 49.7667
2.44562 14.6536 36.6548 19.1897 38.6439
2.45377 14.7515 31.8126 17.6819 42.8427
1.92827 9.10968 20.6359 14.276 41.4411
1.41643 4.91541 10.6796 10.2479 42.6303
1.50391 5.54129 18.8729 14.5529 30.4224
1.72231 7.26758 22.3011 15.4558 33.095
1.78819 7.83415 26.86 17.3896 30.2564
1.33347 4.35644 11.8328 11.0198 36.3656
1.93257 9.15031 16.5932 12.7826 47.8014
2.36029 13.6489 26.7456 16.1914 45.5854
1.93914 9.21261 17.2598 13.0195 46.8706
2.36061 13.6526 37.2109 19.5519 36.271
1.93757 9.19772 18.6153 13.5071 44.6596
2.26386 12.5563 34.643 18.9004 35.9384
2.07143 10.5126 26.43 16.3041 38.5023
2.20951 11.9608 36.9278 19.9134 32.9349
1.14972 3.23855 9.59218 10.067 34.0291
2.61747 16.7853 29.2342 17.007 48.9497
2.17581 11.5987 21.0858 14.4077 47.73
2.22537 12.1331 27.6151 16.5195 41.3066
2.8152 19.4171 33.9049 18.3121 48.8768
2.39149 14.0121 28.1223 16.6012 44.9
2.45696 14.7898 36.2045 19.0282 39.2493
1.71751 7.22713 21.3719 15.0222 34.0713
2.37615 13.8329 38.5023 19.953 35.6991
2.27924 12.7275 24.7569 15.5792 45.7966
1.83678 8.26571 18.8905 13.6666 41.1897
1.62644 6.48104 22.0601 15.7315 30.4377
1.92914 9.1179 19.6628 13.9012 42.8436
1.99953 9.79538 25.8887 16.2367 37.1159
1.58282 6.13805 13.4234 11.4924 42.4439
2.44654 14.6646 34.6811 18.565 40.2205
2.00495 9.84855 23.0422 15.1194 40.5248
1.37636 4.64119 12.5065 11.316 36.5829
2.40328 14.1506 25.7449 15.9195 47.708
2.02083 10.0052 20.1681 14.0589 44.7752
1.41681 4.91798 12.3154 11.1244 38.6134
1.43804 5.06648 15.8156 13.0617 32.6474
1.60707 6.32758 15.6861 12.5412 38.8958
1.35178 4.47692 14.0184 12.3052 32.5672
2.43876 14.5715 34.2335 18.4349 40.4077
1.9517 9.3324 25.0668 16.0129 36.6715
2.15498 11.3776 30.5429 17.6743 36.6871
1.57834 6.10332 13.8457 11.6947 41.4
1.70455 7.11849 19.9507 14.3789 35.512
2.21192 11.9869 32.3541 18.2051 36.5377
1.2664 3.92922 13.5968 12.4008 30.0263
