1,211,-0.319965,-0.9978530000000001,191.86700000000002,191.87,5.903171722555048,-1.8810919046327472,1.0478970420962168
1,-211,-0.16126400000000002,-0.459323,475.404,475.404,7.577194378123338,-1.9084424208008057,0.4868097123363501
1,321,0.5926140000000001,0.30290300000000003,2.38416,2.52406,1.9880881106125712,0.4725121877592686,0.6655385641756608
1,-2212,1.4067,0.10636,7.32994,7.5232,2.3501518152088696,0.07546599306760898,1.4107151872720447
1,-321,-1.7606400000000002,-0.49679300000000004,1.26338,2.27739,0.6449512101556806,-2.86657641748215,1.8293869176445428
1,211,-0.14996500000000001,-0.6941970000000001,1.81208,1.9512900000000002,1.6661783944596347,-1.7835534973407774,0.710210515293881
1,-211,-0.14585499999999998,-0.268541,-0.23490300000000003,0.40993599999999997,-0.7080208105750447,-2.068356459807562,0.3055944202795594
1,211,-1.01809,0.0165702,1.18649,1.56972,0.9935374603679493,3.1253183192187546,1.0182248374637302
1,-321,0.38666300000000003,-0.28225300000000003,-9.8553,9.87926,-3.7183805448600795,-0.6305592151912962,0.4787222906633867
1,-211,0.199749,0.483605,-2.7825599999999997,2.8347700000000002,-2.372970535165776,1.1790979617940902,0.5232336562435562
1,321,0.504851,-0.886225,-5.90453,6.01227,-2.4565047123133055,-1.0529809946822026,1.0199359209411147
1,211,-0.12176400000000001,-0.0610995,-19.6428,19.6438,-5.66425356169735,-2.676517072050954,0.13623369846058647
1,211,0.512091,0.0015237,-15.4901,15.4992,-4.102869918393966,0.002975438942372205,0.5120932668398306
1,2112,-0.161544,0.222048,-3.11501,3.26519,-3.1237788028467692,2.1997532609406014,0.27459384231988887
1,-2112,-0.13809100000000002,-0.521953,-0.943701,1.43696,-1.3248464699853277,-1.8294364603675128,0.5399111579602703
1,-321,0.6026130000000001,0.281267,-5.322080000000001,5.38614,-2.77682813107608,0.436692021354953,0.6650214681181353
1,211,-0.6403,0.0575356,-5.7704699999999995,5.807840000000001,-2.8907868478435317,3.0519760798424644,0.6428797984595254
1,-211,0.286488,0.7915909999999999,-2.07783,2.2462299999999997,-1.6353578565730604,1.2235472250683548,0.8418382774767372
1,211,0.52868,0.287715,0.156699,0.63743,0.2574863623148002,0.4983900499971042,0.6018990477023536
1,-321,-1.16895,0.803617,-14.4591,14.5369,-3.017243397490475,2.539326292833064,1.4185360006672372
1,-2212,-0.32512399999999997,-0.512367,-0.43610200000000005,1.1994799999999999,-0.6678966927083122,-2.136235716604243,0.6068159177749048
1,-211,0.032461000000000004,-0.396364,0.912101,1.0047700000000002,1.5676803982902776,-1.4890817475108513,0.39769100696017756
1,211,-0.08675089999999999,-1.81932,4.15037,4.534590000000001,1.5617469774354664,-1.6184433825915034,1.8213871035699167
1,-211,-0.16386199999999998,-0.648292,3.15613,3.2292099999999997,2.2559806648337206,-1.8183705307502618,0.6686802466859627
1,-211,-0.326942,0.290779,-0.707425,0.8434299999999999,-1.257861257115377,2.4146703582395688,0.43754256730631363
1,211,0.0798031,-0.018678999999999998,0.0499698,0.16939400000000002,0.5771122067822735,-0.22992437143781005,0.08195998908375965
1,-321,0.569258,-0.310187,-1.36331,1.58827,-1.4887527955858457,-0.4989169522629387,0.6482828437749992
1,211,-1.56559,0.0672318,-3.9839800000000003,4.28336,-1.6628536265521205,3.0986755952083813,1.567032917022243
1,-211,-0.0427135,0.679936,-3.46464,3.53375,-2.3290725272719977,1.633533768801243,0.6812763075127815
1,321,-1.7584099999999998,-0.0377564,-23.9334,24.003,-3.3051290855480073,-3.1201240545879574,1.758815304072875
1,-211,0.9252799999999999,0.00896203,-6.10675,6.17804,-2.5858450109470525,0.009685446310232238,0.9253234009694776
1,211,2.8084700000000002,4.24754,-67.9362,68.1269,-3.2854348295501654,0.9865884582836455,5.092062430145569
1,-211,-0.0046238,0.430683,-8.44792,8.46005,-3.6700419756253666,1.5815318848834432,0.4307078197751232
1,321,0.853325,-0.217702,-7.48327,7.551069999999999,-2.836347987907809,-0.24979355028368444,0.8806575477613304
1,211,-0.674629,-0.646951,-1.03896,1.40449,-0.9580874137865503,-2.3771345425628465,0.9347030994075071
1,211,-2.9441,-1.23981,-1.64568,3.59619,-0.49472992543462685,-2.7430156953613944,3.1945036619324765
1,-211,-0.0935221,0.6220979999999999,0.07308089999999999,0.648516,0.11590979355105335,1.7200123102682792,0.629088471355508
1,-211,0.23171999999999998,-1.64576,4.78683,5.06907,1.7798575817212114,-1.4309176424302543,1.661992820682448
1,321,-0.0350619,0.42737600000000003,6.17356,6.20809,3.361363903551633,1.6526529452586656,0.42881182610512275
1,-211,0.530501,-0.5288689999999999,59.1914,59.1963,5.0628614906109775,-0.7838576263717165,0.7490885996742974
1,211,0.039913599999999994,-0.258155,5.241169999999999,5.24953,3.6926958171734863,-1.417399932797351,0.2612223181314338
1,-211,-0.00861262,0.190004,1.36032,1.38063,2.6654029325073174,1.6160939443358617,0.19019909894440723
1,211,-0.12726800000000002,-0.49169700000000005,8.47074,8.4871,3.5081320218121865,-1.8240720943394988,0.5079006631547157
1,-211,0.08984400000000001,0.380343,-0.5892890000000001,0.720746,-1.1991176459828996,1.3388300819831322,0.3908103657594051
1,-211,-0.387484,-0.163445,4.19269,4.2160400000000005,2.995199246475355,-2.742426245252651,0.42054502527196774
1,2212,-0.480141,-0.111436,20.9089,20.9358,4.440903878749917,-2.913540031372647,0.492902994489788
1,-2212,-0.064166,0.34984699999999996,10.6113,10.6587,4.089063593125842,1.752191827186333,0.35568272233129344
1,321,-0.502649,-0.212878,-0.699122,1.01512,-1.0666594821063844,-2.7409828334573896,0.5458690869475941
1,-211,-1.5463,1.94755,-107.81299999999999,107.84200000000001,-4.46269617707725,2.241850782903424,2.4867638996293957
1,211,-0.173622,-0.407158,-11.7843,11.7934,-3.9752865670519846,-1.9738726149755488,0.44263103805313975
1,-211,-0.14238800000000001,-0.319777,-0.779574,0.8658799999999999,-1.5408038978337644,-1.9897121628287204,0.35004524318007807
1,211,0.0597015,0.30346300000000004,0.505605,0.608909,1.2672744831275813,1.376543082633877,0.3092799079656647
1,211,1.00478,-1.0492700000000001,1.60791,2.1715,0.9549043598388528,-0.8070544252247204,1.452773341337182
1,-211,0.6192770000000001,0.0314425,0.691667,0.939348,0.9607049181640009,0.05072935582463558,0.6200746999638431
1,-211,1.2018,-1.35438,-1.83359,2.58073,-0.8902806186741248,-0.8450180546713989,1.810709370495442
1,211,0.107395,-0.253397,-0.411448,0.514308,-1.1919873379270167,-1.1699246260689364,0.27521578013260795
1,-211,-0.49900200000000006,-0.44487200000000005,-19.5104,19.5223,-4.067082669046733,-2.4134804992063965,0.6685163366650063
1,321,-0.24952399999999997,-0.460042,3.94716,4.01219,2.718004386175674,-2.0677812153302306,0.5233553939150718
1,-211,-0.16536099999999998,0.51226,0.00307053,0.556096,0.005704214445573956,1.883043254307912,0.5382885545142123
1,-211,0.34113499999999997,0.488893,-65.0841,65.087,-5.386118953416322,0.9615683944380766,0.5961454970676202
1,211,0.112121,0.0639971,-55.4041,55.4044,-6.754971993838714,0.5186615996339936,0.12909975774342103
1,-211,-0.46136499999999997,-0.754363,-326.485,326.486,-6.604533676333596,-2.1196983162907883,0.8842630824556683
1,-211,0.465409,0.754041,-20.1286,20.1486,-3.816692007178263,1.0178113687570565,0.8861057312544592
1,211,0.013762,0.0102274,-0.470239,0.49081400000000003,-4.00494359263099,0.6391106188439901,0.017146205258307158
1,-321,0.143056,-0.042547,-12.8447,12.8551,-5.148251381236824,-0.28908354926928503,0.14924900785264872
1,-321,-0.0245387,0.114974,-7.7013,7.718,-4.875371536769896,1.7810696998401503,0.11756346572677245
1,-211,-0.192011,-0.141622,-1.00347,1.04084,-2.143463838075055,-2.5060928158963836,0.23858963725400983
1,211,-0.086101,-0.668809,-0.8839520000000001,1.1205200000000002,-1.0850568091109754,-1.6988299088987557,0.6743284516331786
1,211,0.40036,-0.608477,-1.35107,1.5412299999999999,-1.3767987103499297,-0.9888382373192841,0.7283765435054866
1,321,-0.970741,1.30112,-1.9027,2.54936,-0.997979313530376,2.211784597916185,1.6233457251864125
1,-2112,-1.44887,1.23108,-2.6066,3.36035,-1.1210020586656444,2.437282736425911,1.9012580685693354
1,2112,-0.334698,0.603974,-0.49981000000000003,1.26863,-0.6720753877400827,2.076827490649976,0.6905123777891313
1,-321,-0.788623,1.0302,1.0500200000000002,1.74055,0.7399359386066733,2.224146856594406,1.2973967304294396
1,211,-0.180739,0.42821899999999996,0.925175,1.04473,1.4393717249932267,1.9701838251417132,0.46479898674803494
1,-211,-0.12981800000000002,0.0511342,0.788976,0.813283,2.4333626271461446,2.7663633362600892,0.1395256948867842
1,-321,-0.783254,1.07784,1.67855,2.19919,1.053711002553154,2.1992104315687127,1.3323760333014099
1,-211,-0.39303499999999997,-0.295444,5.3901,5.414280000000001,3.089682314480832,-2.4970050980323886,0.4916946901899592
1,211,-0.292679,-1.4780799999999998,16.4867,16.555999999999997,3.0878089258328796,-1.766280545876647,1.506778511739864
1,-211,-0.806557,0.00149446,3.93381,4.01807,2.2880822512945613,3.1397397674456693,0.8065583845325096
1,211,0.156973,0.23899600000000001,4.65566,4.666519999999999,3.484158499923897,0.9896543845771604,0.2859363753442363
1,211,0.034212400000000004,0.19584200000000002,17.5133,17.515,5.171556282755353,1.3978476937110824,0.198807890381041
1,-211,0.408527,0.43852700000000006,41.0546,41.0592,4.920040980965134,0.8208002344417357,0.5993331623212586
1,211,-0.375213,-0.338406,65.1348,65.1369,5.552272479909484,-2.4077267685817207,0.5052755844140898
1,-2212,0.183624,0.13104200000000002,220.37400000000002,220.37599999999998,7.577520134669803,0.6198238396289432,0.22558763073360208
1,-211,-0.25745300000000004,-0.518659,15.0526,15.0644,3.951448563466035,-2.031545361847546,0.5790416267333464
1,-321,0.11179700000000001,-0.0637021,0.386293,0.639921,1.8191257652531987,-0.5179187045434781,0.1286721677497119
1,211,0.07878099999999999,0.20764499999999997,69.9946,69.9951,6.446251276241627,1.208171663253875,0.22208757728878034
1,-211,-0.17851199999999998,1.16352,27.1061,27.131999999999998,3.8302941318645143,1.723033326268037,1.1771343697913168
1,-211,-0.343079,0.46216599999999997,0.0715464,0.5965729999999999,0.1239836956746558,2.209369578374779,0.5755871887012427
1,211,-0.994117,-0.162389,-3.2088799999999997,3.36616,-1.8755738802422157,-2.9796727402419267,1.0072928059953572
1,-211,0.8443430000000001,0.107504,-26.0989,26.1131,-4.1164620783745125,0.12664126759668476,0.8511593338881975
1,211,0.339293,0.172438,242.275,242.275,7.149233628526571,0.47020784691234746,0.38059769270582816
1,-211,-0.127616,-0.480202,195.718,195.71900000000002,6.6692504810952515,-1.8305472239520248,0.49687000740636383
1,211,0.0759881,0.9209790000000001,327.849,327.85,6.56462809920236,1.4884748301944644,0.9241084945949853
1,-211,0.26164899999999996,-0.22169899999999998,5.87648,5.88813,3.5351433356548134,-0.7029329442180817,0.3429440855329043
1,-211,-0.020738,-0.367797,-0.292106,0.49041899999999994,-0.7271497015961333,-1.627121052391305,0.36838118553069454
1,-2212,-0.028411000000000002,0.106832,0.455128,1.04867,2.1227332762415756,1.8307210286888478,0.11054529001725943
1,2212,0.404947,-0.768872,-5.33734,5.48841,-2.514858661496212,-1.0860357849847826,0.8689914989187179
1,-2212,-0.19206099999999998,0.595195,-3.56397,3.73809,-2.4409725070191497,1.8829337278030187,0.6254154745015509
1,321,0.902884,0.903718,-59.6207,59.6365,-4.536390514270445,0.7858598035045417,1.2774606612260122
1,211,0.0698318,-0.033533999999999994,120.51799999999999,120.51799999999999,8.042860194422262,-0.4476914673282489,0.07746618260402406
1,211,-0.00233529,0.09527999999999999,0.446801,0.47769700000000004,2.2493265893288195,1.595301181365553,0.09530861440281303
1,211,2.89685,-0.521854,20.8511,21.0583,2.6559066835469474,-0.17823370400921218,2.943479491998543
1,-211,0.753374,0.185126,3.88226,3.96147,2.3132797239424288,0.24095507717389172,0.7757860657114176
1,211,-0.176284,-0.680707,-0.975493,1.21058,-1.130574013678147,-1.8242011638125777,0.7031629032486
1,130,-0.569783,-1.31564,0.196625,1.53031,0.1367166574391829,-1.9794944552513383,1.433722873043811
1,211,0.011633200000000002,-0.0487558,-0.0440754,0.15470899999999999,-0.7934160543897063,-1.3365742347822416,0.05012443890838081
1,-211,-0.493917,0.252661,0.8646010000000001,1.03673,1.226743503263899,2.668751393128035,0.5547896752914567
1,-211,-0.7507520000000001,-0.538413,0.40758,1.01937,0.42798486035240896,-2.5194392598012945,0.9238599050034589
1,-211,0.18793800000000002,-0.18251199999999998,0.761332,0.817152,1.7883319874380887,-0.7707521598189697,0.26197580420336536
1,211,0.168985,0.13935,-10.2479,10.2512,-4.538878535587148,0.6895794943737822,0.21903048355194762
1,-211,-0.32353899999999997,1.35923,-55.1005,55.1184,-4.367992391530346,1.804478801184343,1.3972056675454045
1,211,-0.171595,0.43679799999999996,-28.4692,28.4735,-4.798562662898617,1.945121584612386,0.46929450969407255
1,321,0.15948099999999998,1.1171799999999998,-23.3951,23.4275,-3.72536051340325,1.4290011551963575,1.1285058004994921
1,-211,0.276231,0.292661,-16.83,16.8354,-4.426674487535633,0.8142708390985246,0.4024351205871575
1,211,0.623164,-1.21364,-13.4685,13.5381,-2.9854305027197734,-1.0964333108197992,1.3642783515456074
1,211,-1.7929400000000002,-1.10154,-489.756,489.76,-6.143082361883492,-2.5906692900130786,2.1042871037954876
1,2212,0.537729,-0.39557800000000004,-35.8993,35.9178,-4.678079574087307,-0.6342508520661361,0.6675585603712981
1,-211,-0.055751499999999996,-0.10776600000000001,-2.5346,2.54133,-3.7329703902948266,-2.048218321823794,0.12133317975001727
1,-2112,0.380201,-0.177181,-28.4919,28.5104,-4.91161053559671,-0.4360954228551352,0.4194590649419798
1,211,0.371551,-0.27224299999999996,-10.2227,10.234,-3.793457301131614,-0.6323501393277979,0.4606152371014228
1,2112,0.073825,0.465186,-128.925,128.93,-6.305262438070339,1.4134089099159455,0.4710075850992211
1,-211,-0.0678291,-0.015892600000000003,-10.5098,10.5109,-5.709508176815315,-2.9114407818475057,0.0696660716674193
1,-211,0.242583,-0.147647,-47.6453,47.6464,-5.8157821668876615,-0.546752091891328,0.28398265527669114
1,-211,-0.103726,0.163413,-1.44934,1.46885,-2.7108867530085643,2.1363744229287827,0.1935533302348477
1,211,-0.23875300000000002,0.347112,-5.68345,5.70075,-3.296497742492702,2.173305675780711,0.4212953068252719
1,-211,-0.175361,-0.0169885,-0.019258400000000002,0.22559,-0.10909318361989906,-3.0450167307833778,0.17618197823060677
1,130,0.06041849999999999,-0.10930899999999999,-1.03183,1.15234,-2.80840292840204,-1.065858607017637,0.12489536670049052
1,211,0.327891,0.0416359,-0.33618000000000003,0.491674,-0.8934223294804785,0.12630495844940162,0.33052391146452625
1,-211,0.316354,-0.216081,-2.55935,2.59163,-2.5978970868434916,-0.5992493998564072,0.3831068413341114
1,2212,-0.270212,0.5002340000000001,-3.5641599999999998,3.72919,-2.5350440902377773,2.0660621294584693,0.5685495402337426
1,211,-0.10378399999999999,-0.308067,-0.410833,0.542162,-1.0561812195857203,-1.8957424422340434,0.325079059837757
1,211,-0.392312,0.547262,-0.016465,0.687863,-0.02444981627600671,2.1927504603614225,0.6733531034962266
1,-211,0.0318869,-0.301029,-0.052502999999999994,0.337448,-0.1725834307703194,-1.465263519755811,0.3027131203509521
1,211,0.481562,-0.5916140000000001,7.50787,7.54782,2.9823904210183447,-0.8875888981772999,0.7628296565026822
1,-211,0.24055,0.176024,1.7581200000000001,1.78866,2.4749119984706636,0.6317225957317091,0.29807507624086926
1,211,0.895431,1.5859,-16.4563,16.5574,-2.8973919810168276,1.0567978124164124,1.8212291140219015
1,-211,1.19698,0.978151,-17.6513,17.7194,-3.130317929099248,0.6851305616494588,1.5458138630511113
1,-321,0.254666,0.5009239999999999,-2.56575,2.67256,-2.2235353258037325,1.100457288562427,0.561942724245096
1,-211,-1.63719,-1.0694299999999999,-3.4725900000000003,3.98779,-1.3386203366698883,-2.5629636718393978,1.9555233624275623
1,321,-1.9276099999999998,-1.69235,-2.0633,3.32876,-0.7360806473329303,-2.4210928917404098,2.5650982114921055
1,-211,-0.532208,-0.970202,-1.07736,1.55072,-0.8625730324457846,-2.072528538275202,1.1065881239503703
1,321,0.435637,-0.12100599999999999,-0.983109,1.18939,-1.5190123435162188,-0.27093773413212646,0.45213056499754584
1,-211,-0.147271,-0.286159,-0.753563,0.8312120000000001,-1.5866936905818143,-2.0460931144186945,0.32183182055539505
1,321,0.0697041,0.419914,-2.47574,2.56012,-2.4611105010942653,1.406300131816851,0.4256599921919019
1,-211,0.24431,0.49592700000000006,-0.884123,1.0520399999999999,-1.2485811788517212,1.1130596769378427,0.5528390049815589
1,211,-0.38237899999999997,0.200578,-0.24573699999999998,0.516054,-0.5421556565131526,2.658496238747614,0.43179304501693866
1,130,-0.625304,0.0597035,111.579,111.58200000000001,5.87286782761348,3.0464020558525697,0.628147753580517
1,130,0.9623280000000001,0.0265072,64.6497,64.6587,4.9002067895897365,0.027537907245338174,0.9626929994737887
1,211,-0.0779192,-0.026307799999999996,0.758174,0.775288,2.9173406842408616,-2.815980781966031,0.08224051355311443
1,-211,0.547026,0.0897816,0.352076,0.6713680000000001,0.5987066842613269,0.16267639470824985,0.5543448208241509
1,211,0.11489100000000001,0.418253,0.390735,0.600241,0.8094900332613135,1.3027159346307722,0.4337459093639962
1,-211,0.228988,-0.232839,-0.15507200000000002,0.387527,-0.458602175976097,-0.7937365904427647,0.3265723565536434
1,211,0.156341,-0.235765,-8.06798,8.07415,-4.044049122362502,-0.985251616858199,0.2828915755302727
1,-211,-0.00261987,0.224201,-1.47586,1.4993100000000001,-2.583252889467378,1.582481157656609,0.22421630654307215
1,130,0.17538299999999998,0.13836500000000002,1.48135,1.5785799999999999,2.5905648863958946,0.6679547141450863,0.22339218856978862
1,211,0.627783,-0.327102,0.274928,0.772122,0.37922225229226175,-0.4803400208027601,0.7078892664061237
1,-211,0.17130599999999999,-0.617056,1.10721,1.2866600000000001,1.315407728978295,-1.2999975931747112,0.6403935139990099
1,-211,0.738789,0.174952,2.2801400000000003,2.40727,1.8194769555923398,0.23252574297732048,0.7592215676763931
1,211,-0.207813,-0.16802999999999998,0.479892,0.566742,1.3483481935777015,-2.4616518529034903,0.26724581169589917
1,-211,0.735816,-0.150794,-0.353401,0.8417459999999999,-0.45467717479753805,-0.20213562807064883,0.7511085249762514
1,211,0.16698,0.279156,-2.7679099999999996,2.79045,-2.837727968537632,1.0317307419313717,0.3252850945493814
1,-211,0.185508,-0.453937,-4.32123,4.35121,-2.8724671097184835,-1.1828428224076886,0.4903794633067335
1,211,-0.0812049,0.00564655,-0.43634700000000004,0.465301,-2.3807866082109768,3.0721698005322176,0.08140097856237663
1,211,-0.595458,0.982049,-1.6668599999999998,2.02901,-1.1674821688477894,2.1158663492896186,1.148473102934936
1,-211,-0.0506406,-0.360275,-0.45087,0.595925,-1.0408775518427285,-1.7104424027575367,0.3638166378732012
1,211,-0.337275,0.6378229999999999,-42.4099,42.4163,-4.767014311236154,2.0572104906258857,0.7215071759546122
1,-211,0.297243,0.223604,-2.4633700000000003,2.4952,-2.589305795500759,0.6449458992261345,0.3719571882152568
1,211,-0.400262,-0.0845396,-7.15417,7.1672199999999995,-3.5554732087067777,-2.9334412200684756,0.4090924255130618
1,-211,0.342578,-0.052966,-7.04223,7.05213,-3.7051216624616092,-0.153395471538241,0.34664835675364164
1,211,-0.020309099999999997,0.197509,-5.12784,5.13358,-3.944918564321799,1.6732624073490223,0.19855040826905895
1,-211,0.18422,-0.382763,-0.69086,0.8229290000000001,-1.2628748323227212,-1.1222284489098864,0.42478762054584407
1,2212,-0.9946870000000001,0.284575,-3.37892,3.6562099999999997,-1.8993486616188295,2.8629410277337564,1.0345941999615116
1,211,-0.675868,0.33984699999999995,-1.5655,1.7443,-1.4742465386089816,2.6756832617052484,0.7565008505170367
1,211,-0.289725,0.027864299999999998,-22.3541,22.3564,-5.034418835726473,3.0457125528757385,0.29106184023243237
1,211,-0.20758600000000002,0.650664,-13.9244,13.9419,-3.708687015128217,1.8796256313302675,0.6829755400393195
1,-211,-0.020123,-0.0362307,-5.83978,5.8416,-5.641266915610174,-2.0777858531044466,0.04144392297418283
1,211,-0.06707660000000001,-0.629175,-6.85735,6.88789,-3.0782850155124466,-1.6770055581598602,0.632740429317236
1,-211,0.40071,0.736437,-12.0212,12.0512,-3.357297412926659,1.0724788223660535,0.8383960633668315
1,211,0.019522400000000002,-0.43004499999999996,-2.15287,2.19992,-2.31263445972565,-1.5254312931701792,0.43048789312448726
1,211,1.1290799999999999,0.0991733,-6.60959,6.70752,-2.4636946996845195,0.08761064851040977,1.133427099478784
1,130,0.975599,1.05805,-6.61753,6.7904800000000005,-2.230410170150109,0.8259193486171021,1.439188386313967
1,211,0.036842599999999996,-0.028628700000000003,-1.1304299999999998,1.1399700000000001,-3.88107932434685,-0.6605922157234273,0.04665811439021084
1,211,0.416271,-0.823881,-1.61122,1.8621400000000001,-1.323662042662911,-1.1029525885814826,0.9230717456416916
1,-211,-0.531171,-0.64067,-3.10926,3.22173,-2.0286304292417707,-2.2630231753595247,0.8322263394900451
1,211,-0.713781,-1.12453,-2.6646799999999997,2.9822900000000003,-1.4439073610261177,-2.1363670364914804,1.3319350723143377
1,-211,-0.8608809999999999,-0.41853500000000005,-1.39656,1.69887,-1.1717811579369077,-2.6890696771652207,0.9572291483161176
1,211,-0.48666899999999996,0.241502,-0.615809,0.832989,-0.9726748839601933,2.6809618936235458,0.5432954367238878
1,-211,0.0795482,-0.11004100000000001,0.056650900000000004,0.202796,0.4059734330796358,-0.9448686133049936,0.13578268595163376
1,321,-0.0191032,0.999387,1.6943599999999999,2.0282299999999998,1.298328097001963,1.5899089166795841,0.9995695613709134
1,211,-0.234102,0.787772,0.492076,0.9679909999999999,0.567764371786505,1.8596545335978285,0.8218202178019229
1,-211,0.147148,-0.00145,4.973269999999999,4.9774,4.213711407977156,-0.009853705590275473,0.1471551439943572
1,211,-0.100577,-0.032827999999999996,24.1588,24.1595,6.124015688517365,-2.826098014280522,0.10579891546230519
1,-211,0.39079200000000003,0.393349,19.9307,19.9389,4.275336572124614,0.7886590449695585,0.5544743664634101
1,211,-0.252569,0.0541276,294.925,294.925,7.733486998683452,2.930477851326596,0.25830388468383514
1,-211,0.773967,-0.43165299999999995,584.681,584.682,7.185027545111191,-0.5087471277075603,0.8861993170263673
1,2112,-0.478289,0.426388,638.3290000000001,638.33,7.597109216207493,2.4135013212507173,0.6407550967920583
1,321,0.0958934,-0.583205,25.9356,25.9471,4.474771787373737,-1.4078296572496525,0.5910360532053522
1,-211,0.19935799999999998,0.122912,5.73923,5.7457,3.8924559725636048,0.5524919171154385,0.23420284350963802
1,211,-0.45330699999999996,-0.341512,31.6772,31.6826,4.7152437665199285,-2.4959324538786927,0.5675541228755192
1,321,0.73754,-0.8243010000000001,46.8403,46.8559,4.439198286270395,-0.8408915977030176,1.1060910406476494
1,-211,0.13522,-0.214194,3.9938800000000003,4.00433,3.452074728668708,-1.0076817403272393,0.2533051875426163
1,-321,0.589968,-0.489608,30.9789,30.9924,4.392309366376216,-0.6927021551810211,0.7666669646515363
1,211,0.168012,-0.609221,11.4365,11.4548,3.5896428252455643,-1.3017035256234244,0.6319638114520483
1,211,0.25199099999999997,-0.0292714,0.42129300000000003,0.511199,1.280717047407108,-0.11564222596121403,0.2536853936255692
1,2112,-0.10983399999999999,-0.0401856,-3.65922,3.7797300000000003,-4.136621510999791,-2.7908451987945604,0.11695464934477806
1,-211,-0.27334200000000003,-0.107252,-1.13885,1.18435,-2.0648189721146473,-2.767678584030799,0.29363044880938355
1,-2112,0.48161499999999996,-0.235916,-5.0166900000000005,5.13201,-2.9318383979751736,-0.4554894839992046,0.5362922405563966
1,211,0.367095,0.061501,-2.97507,3.0015099999999997,-2.7755991875717894,0.16599273201635234,0.3722111121742606
1,130,-0.514269,0.141199,-6.53172,6.5723199999999995,-3.2001495587360234,2.8736331964466846,0.533300817514843
1,-211,-0.051194199999999995,-0.247277,-3.2904199999999997,3.30304,-3.2618931824426367,-1.7749439900316368,0.2525208126920235
1,211,0.101439,0.195908,25.3701,25.3714,5.43808552558911,1.0930190360976173,0.22061236408007598
1,-211,-0.779362,1.37789,94.5952,94.6085,4.7834827905328305,2.0855526382023153,1.5830306311452096
1,211,-0.28026100000000004,0.40016199999999996,1.47197,1.55719,1.8225397733345172,2.18176979903818,0.4885446288365066
1,211,-0.055178,0.18148499999999998,1.06116,1.0869799999999998,2.422780449124725,1.8659518820161047,0.18968768254422844
1,-211,0.767636,-0.292684,2.3777,2.5195,1.7844466508712795,-0.3642647353532326,0.8215405968982907
1,211,0.513771,-0.102595,-2.43838,2.4979299999999998,-2.2422544497504453,-0.1970975943343582,0.5239144724723683
1,-211,0.022443900000000003,-0.0881011,-0.00954001,0.16684200000000002,-0.10474169734026709,-1.3213505529415714,0.0909149738405066
1,211,0.1848,-0.166731,-169.313,169.313,-7.215608479442013,-0.7340424874734288,0.24889810437405904
1,-211,-0.463754,-0.10256199999999999,-274.978,274.97900000000004,-7.054364297799434,-2.923939941999752,0.47495972077640436
1,-211,-0.429068,-0.016059999999999998,111.626,111.62700000000001,6.253744730716744,-3.104180154251139,0.42936845741623825
1,211,-0.157789,-0.5370060000000001,23.5218,23.5289,4.431556786280392,-1.8565839060865512,0.5597077921174585
1,2212,0.17661300000000002,0.125829,1.98554,2.20675,2.910543884794741,0.6190369014227789,0.21685268965359875
1,211,0.211587,-0.0367885,0.21086300000000002,0.33176100000000003,0.8684796433554612,-0.1721484302743474,0.21476138456726804
1,211,0.29587199999999997,0.752301,-2.53095,2.66058,-1.8590311624792797,1.1960883124943482,0.8083916346579794
1,-211,-0.40084699999999995,-0.37548899999999996,-0.7490180000000001,0.939243,-1.116713669074842,-2.388846573152298,0.5492452153000515
1,211,0.961007,0.950412,-14.8341,14.8962,-3.090857115692084,0.7798552178203753,1.351598099951683
1,-211,0.316044,0.10818900000000001,-8.80763,8.81507,-3.9655928767449096,0.3298189493759575,0.33404890309204727
1,130,-0.387194,0.0481327,-0.314833,0.706379,-0.7380499650705895,3.017915539974128,0.3901742565127663
1,22,1.01383,0.35952,5.21061,5.32049,2.281371339110679,0.3407808382784075,1.0756885698472398
1,22,0.213304,0.113299,1.46272,1.48253,2.500966826119836,0.48826539381733125,0.24152693393698352
1,22,-0.8326969999999999,-0.020284299999999998,0.5042909999999999,0.973707,0.5734772503760309,-3.1172377091056123,0.8329440237107713
1,22,0.0172146,0.11537,-0.0313167,0.120778,-0.2653487093058616,1.422677030260252,0.11664724323000522
1,22,-0.122637,-1.2525,1.16557,1.71533,0.8281897114012671,-1.668398983652031,1.258489604156109
1,22,-0.19631099999999999,-0.392231,0.8921530000000001,0.994143,1.458748193841449,-2.034842600909124,0.43861505455467437
1,22,-0.0204727,-0.28878400000000004,1.9074400000000002,1.9292900000000002,2.58418895383984,-1.6415706976605329,0.28950877378982837
1,22,0.0870085,-1.5836299999999999,8.93534,9.075,2.429719693523425,-1.5159090689192023,1.5860184286357615
1,211,0.293982,0.362723,-3.19075,3.22775,-2.620358974717629,0.8896939629556777,0.46689762373886634
1,-211,0.0828159,0.0713182,-1.38273,1.39405,-3.2324965412832576,0.710940631389317,0.10929208088443554
1,211,0.19351600000000002,-0.06272130000000001,-2.56798,2.5798,-3.2302816764055238,-0.31343059181569527,0.20342665442289026
1,-211,0.0806483,-0.0797987,-1.7674,1.77653,-3.440036498368969,-0.7801030063709614,0.1134547522785185
1,211,0.00858203,0.058746400000000004,-11.9614,11.9624,-5.998805240839867,1.4257363756455976,0.059369948221982646
1,-211,-0.13159400000000002,-0.341627,-80.828,80.829,-6.0903365282473025,-1.9384775029134924,0.3660955994887128
1,22,0.012348200000000002,-0.017209400000000003,-0.012295799999999999,0.0244914,-0.5520376350256866,-0.9484042237276268,0.021181158882365245
1,22,0.100575,-0.13749,-1.0143,1.0285,-2.484229212577391,-0.9392356850369518,0.17034914359925618
1,22,0.5339119999999999,-0.5125890000000001,-9.22087,9.25053,-3.21713727115325,-0.7650254643712663,0.7401415450202751
1,22,0.0421679,-0.023706,-1.16214,1.16314,-3.8726226801563115,-0.5121472416056052,0.04837464445771152
1,22,-0.08600160000000001,0.1044,-3.12637,3.1293,-3.8340337779616993,2.2598641273854243,0.13526135886704674
1,22,-0.057821199999999996,0.158167,-8.7217,8.72332,-4.640440730154524,1.9212745798904685,0.1684045458366252
1,321,-0.456053,0.765695,-18.1941,18.2226,-3.7100077815260857,2.1079791278360807,0.8912200468088676
1,-321,-0.548177,0.6489550000000001,-14.1002,14.1344,-3.50335636729242,2.2722096462675894,0.8494943292064993
1,22,-0.115132,0.0503745,-0.24785700000000002,0.277896,-1.4311710691180675,2.729151228731806,0.12567007469660388
1,22,-0.161369,-0.0892618,-0.379608,0.42203100000000004,-1.4694879327066426,-2.6363316826154057,0.18441155902014386
1,22,0.039689800000000004,0.12088,-0.47477299999999995,0.491525,-2.027482366862506,1.2535460300899137,0.12722914219643236
1,22,-0.0247297,0.785994,-2.26442,2.39708,-1.779648848961544,1.6022489138604348,0.7863829385853244
1,211,-0.031315800000000005,-0.0614198,0.07229450000000001,0.17163699999999998,0.9153386189810692,-2.042304672690927,0.06894252070877595
1,-211,-0.274721,-0.023824099999999997,-0.054075,0.313756,-0.1948644732330686,-3.0550880010502652,0.2757520908022458
1,22,-0.213711,-1.03559,0.530528,1.1830399999999999,0.48275267889859463,-1.774305881802259,1.057411480749571
1,22,-0.019856400000000003,-0.19835,0.0418653,0.20369,0.2085040395817908,-1.6705718000190974,0.19934141346182935
1,-211,-0.07739889999999999,-0.0140619,4.9491000000000004e-05,0.16021300000000002,0.0006291288222581294,-2.9618720684581565,0.0786659186231242
1,211,-0.283699,0.0896828,1.76745,1.7977400000000001,2.48191315119769,2.835413666368,0.2975367661598143
1,-211,0.0841992,0.248676,0.88089,0.929718,1.9251642079261082,1.2443222812448262,0.26254382159296763
1,22,-0.14110799999999998,-0.0293296,0.0480704,0.151929,0.327641734222889,-2.9366584840976544,0.14412388108901314
1,22,0.444941,-0.556551,0.139326,0.726039,0.19430768886142713,-0.8963839311365341,0.712545794375351
1,211,-0.0204159,0.09740030000000001,-0.053649699999999995,0.179615,-0.5159086552314562,1.777413224679946,0.09951697047689907
1,-211,0.0917695,0.030900900000000002,0.026255599999999997,0.17188900000000001,0.2679278103106354,0.3247981326580998,0.09683236417159297
1,22,0.29841,-0.0258955,-0.403181,0.502269,-1.1062124140547016,-0.08656141013136834,0.29953147584227274
1,22,0.319364,0.0395363,-0.673917,0.746807,-1.484985599317107,0.12317031163668211,0.3218019321161543
1,22,-0.536687,-0.285353,-2.42303,2.4981,-2.0913967873469135,-2.6529128680324185,0.6078316136710891
1,22,-0.548925,-0.145155,-2.28008,2.34971,-2.098511030661055,-2.8830748932799484,0.5677927699874312
1,22,0.781043,0.14943299999999998,-6.026269999999999,6.07851,-2.722749934644975,0.18904040505692465,0.7952096511851451
1,11,4.1942900000000005,0.210946,-24.7485,25.1023,-2.474047082785733,0.050251272681721575,4.199591268089789
1,-11,0.47115,0.030322700000000005,-2.80349,2.84297,-2.4815401702092976,0.06427026955438922,0.47212475960840056
1,211,0.24451599999999998,0.732508,-7.382160000000001,7.423760000000001,-2.9533967652768984,1.2486198989739348,0.7722409237537208
1,-211,0.391393,0.561346,-10.4066,10.4301,-3.415992115946815,0.9619249764263247,0.6843228858989008
1,211,0.10191499999999999,0.214008,-4.79657,4.80445,-3.7012012510235013,1.1263526307313865,0.2370360548292179
1,-211,0.904011,1.3413,-20.5847,20.6486,-3.2383506491360703,0.9777468878973298,1.6175047382066614
1,22,0.281069,0.280389,-5.04535,5.06095,-3.236949759897222,0.7841870315451706,0.3970110503273177
1,22,0.6335310000000001,0.668767,-16.7729,16.7981,-3.5957422165534143,0.8124483511207579,0.9212007535005603
1,22,1.7995599999999998,2.41043,-40.2894,40.4015,-3.2893218712576546,0.929492629427154,3.0080872624476833
1,211,-0.00652578,0.100201,-2.43709,2.44315,-3.882836857992213,1.635831376515469,0.10041327703848929
1,-211,0.365075,0.335289,-2.76575,2.81328,-2.420219129903321,0.7428944638028956,0.495679805061695
1,22,-0.0441008,-0.134778,-0.27429499999999996,0.308784,-1.4138371891983303,-1.88702640229157,0.14180969587669245
1,22,-0.0193075,0.298565,-3.07935,3.09385,-3.0268984270905075,1.6353740679174733,0.2991886341110738
1,16,0.151649,-0.153423,-0.101344,0.238341,-0.4540288846570246,-0.7912131185712591,0.21572212712190653
1,211,-0.057809000000000006,0.273162,-0.49100699999999997,0.5818300000000001,-1.3301296246188878,1.7793482009705015,0.2792120318413947
1,-211,-0.018385,0.00783791,-0.536705,0.5549149999999999,-3.9839091622226204,2.73860371249916,0.01998602156928937
1,211,0.026160400000000004,0.353678,0.182337,0.42249200000000003,0.4938237326921766,1.4969640627095455,0.35464417972407214
1,-211,0.17157999999999998,-0.136152,0.148029,0.29894699999999996,0.6327436836139108,-0.6707766362277952,0.21903667159633336
1,22,-0.310233,-0.0526625,1.1663299999999999,1.20804,2.0209567098027454,-2.973444079998853,0.3146710237617217
1,22,-0.310863,0.07287389999999999,1.00485,1.05436,1.8639752425135663,2.9113261545526186,0.3192904791411889
1,211,-0.31650500000000004,-0.0135148,19.8829,19.8859,4.832576125054727,-3.0989184616186387,0.3167934103545085
1,-211,-0.0765724,-0.07648869999999999,1.0144,1.02966,2.933769855424756,-2.3567413305826004,0.1082305579282025
1,22,-0.016121,-0.39361199999999996,3.56765,3.5893300000000004,2.8996402377103334,-1.6117300255941591,0.39394199215747483
1,22,-0.0393877,-0.164115,0.939808,0.954843,2.418221033190076,-1.8063418836586684,0.16877536590477296
1,22,0.16389600000000001,-0.135376,30.1251,30.1258,5.646973998614722,-0.6903871674452025,0.21257601038687315
1,22,0.541461,-0.303832,121.69,121.691,5.971245472332587,-0.5113509327634321,0.6208815496896328
1,22,0.020253200000000002,-0.109128,0.793469,0.801194,2.6649642426638667,-1.3872929540635919,0.11099149739615193
1,22,-0.0867429,-0.302059,1.2819399999999999,1.3199,2.1137298213773277,-1.8504432036643699,0.31426735462247746
1,22,-0.24721300000000002,0.152955,-0.59215,0.65966,-1.4600360527216647,2.587523879770463,0.29070517607018975
1,22,0.00295183,0.0130469,0.00238523,0.013587700000000001,0.17738123396290742,1.3482947048800047,0.013376655036252523
1,22,-0.0923692,-0.0100979,-1.45892,1.46187,-3.4478777670547878,-3.0327039870147017,0.09291951728808108
1,22,0.0149132,-0.0557643,-0.330258,0.33526500000000004,-2.4448996119603255,-1.309478850213487,0.05772400444122012
1,22,-0.0883365,0.0822031,-0.678104,0.688757,-2.427231644032693,2.3921436634051174,0.1206676712374114
1,22,0.025856599999999997,-0.016993599999999998,-0.06640080000000001,0.0732558,-1.5071040195003982,-0.5814374442343768,0.030941011691927586
1,22,-0.258752,0.209468,-4.02993,4.04366,-3.1884793356117367,2.461066537179086,0.3329105593519076
1,22,-0.13817100000000002,0.014124700000000002,-1.2937299999999998,1.3011700000000002,-2.927610953697303,3.0397203053310036,0.13889108103506864
1,22,0.00174751,-0.063299,-0.778359,0.78093,-3.203735124940001,-1.543196108107517,0.0633231173600929
1,22,-0.181808,-0.0964637,-1.48616,1.50034,-2.6748858698739624,-2.6537813273795243,0.20581397980139735
1,22,0.108919,0.125623,-1.0759100000000001,1.0886799999999999,-2.566396017730419,0.856497767790349,0.16626631255308455
1,22,0.228805,0.364334,-1.71272,1.76593,-2.0900975026042894,1.0100362228162303,0.4302220259133649
1,22,-0.0181679,-0.0216775,-0.29948800000000003,0.300821,-3.05514641216729,-2.2683407856308477,0.028284034306654347
1,22,-0.013865299999999999,-0.0730643,-0.00801228,0.0747986,-0.10753054824954213,-1.7583347952546526,0.07436826257604785
1,22,0.055492599999999996,-0.114477,0.06727639999999999,0.14391099999999998,0.50684643940634,-1.119423867567637,0.12721797115093447
1,22,0.034938199999999996,-0.435435,0.0317399,0.437986,0.0725950993484889,-1.4907303919580717,0.43683442749426243
1,22,0.0552058,-0.014543700000000001,-0.20883000000000002,0.21649200000000002,-2.008230149839749,-0.2575923421850256,0.05708939974574965
1,22,0.121326,-0.0329549,-0.0724211,0.14508900000000002,-0.5481724301826391,-0.265223691858714,0.12572200964831098
1,211,-0.021602,-0.314163,-0.172333,0.385154,-0.5230732021191763,-1.6394487507633457,0.3149048062081619
1,-211,-0.169533,-0.237445,-0.242335,0.404138,-0.7563914139757364,-2.190848982779224,0.2917560044180753
1,211,0.0243168,0.0240904,-0.48495,0.505794,-3.3453502482874256,0.7807212072990604,0.03422943374349041
1,-211,0.0142113,-0.562345,-1.21645,1.34746,-1.5140253898416667,-1.5455302075680077,0.5625245417514599
1,211,0.12720399999999998,0.0350421,-0.558405,0.590512,-2.149540062521749,0.2688119850839607,0.13194243588933016
1,-211,-0.123999,-0.13506700000000002,-1.10548,1.12924,-2.496568508039723,-2.3134977508087005,0.1833544286075469
1,211,-0.688268,0.015570600000000002,-10.3703,10.394,-3.406514245450638,3.118973638177139,0.6884441033289195
1,-211,-0.920695,-0.44168100000000005,-11.4627,11.5089,-3.113287442574008,-2.6942956850332767,1.0211568874497199
1,211,0.0122526,0.143572,-112.415,112.415,-7.352635239920136,1.4856614563135067,0.1440938770064849
1,-211,-0.203005,-0.0964564,-581.521,581.521,-8.551538095930967,-2.6980276674189687,0.22475512702930717
1,22,0.555601,0.367385,-182.425,182.426,-6.305833287005274,0.5842355070634774,0.6660812333537104
1,22,-0.00868133,-0.0830131,-14.1244,14.1246,-5.824377985273189,-1.6749954014850392,0.08346580295054316
1,22,-0.198414,-0.718328,-75.7367,75.7404,-5.314500690595922,-1.8402930964299629,0.7452269660848297
1,211,-0.14566099999999998,0.170472,-2.9078,2.91977,-3.2571227654992216,2.277872246316395,0.22422718324279953
1,-211,-0.0958772,-0.153499,-1.97131,1.98452,-3.0833053029248823,-2.129116032123829,0.1809817131116843
1,22,-1.74938,-0.9124110000000001,-1001.86,1001.86,-6.923194244441757,-2.6608442235555825,1.9730241299388611
1,22,-0.922601,-0.5279510000000001,-495.962,495.963,-6.838572070791322,-2.621833588048093,1.0629792394971787
1,211,0.089254,0.17844200000000002,-37.9958,37.9966,-5.942475604307408,1.107000781506398,0.1995189812524112
1,-211,-0.13313699999999998,0.192597,-27.2181,27.2194,-5.448906492962019,2.1756408273049392,0.23413471587528406
1,22,-0.5351600000000001,0.14436,-71.9905,71.9927,-5.559765657812045,2.8781128194187646,0.554288765175698
1,22,-0.7108439999999999,0.238602,-79.7202,79.7237,-5.359614335642295,2.817749432664514,0.7498200495718955
1,22,0.14257999999999998,0.22360300000000002,-14.9113,14.9136,-4.722642757389188,1.0031534945805924,0.26519305799549125
1,22,0.498796,0.479579,-47.8784,47.8834,-4.930106831480528,0.7657589358256295,0.691949034869621
1,22,-0.0267426,0.0558181,-1.1987299999999999,1.20032,-3.6574129559986397,2.017586736430591,0.06189367449400625
1,22,-0.525346,0.22084299999999998,-12.3238,12.337,-3.767548023222855,2.7436448433100664,0.5698772239395078
1,22,-0.0962072,0.699784,-3.8892300000000004,3.95285,-2.4071259710541204,1.7074211165363022,0.7063663865076254
1,22,-0.056764199999999994,0.0709655,-0.482634,0.49111499999999997,-2.371667877663511,2.2454668082757685,0.09087506034050266
1,211,0.239892,0.213272,-2.18265,2.21054,-2.6154028929000495,0.7267230608712221,0.32098772195833286
1,-211,0.012847200000000001,0.185835,-0.991584,1.01854,-2.3739159966878383,1.5017738513387104,0.1862785488800039
1,2212,-0.018062799999999997,0.6484,-5.21521,5.3385,-2.7814313139267735,1.5986466193442803,0.6486515433912418
1,-211,0.06975060000000001,0.21597800000000003,-0.8800870000000001,0.919535,-2.0646126601042063,1.2584175815137408,0.22696176480711464
1,-2212,1.35346,-0.668851,-21.4179,21.4915,-3.3466983553821343,-0.4589796722402404,1.5097071344472743
1,22,0.100713,0.32968200000000003,-2.77947,2.80076,-2.7842476414456665,1.2743147882717425,0.344722104735104
1,22,0.01133,0.0188575,-0.729699,0.7300300000000001,-4.194990652015067,1.0297726676455485,0.021999413770598525
1,22,0.021860400000000002,-0.15875799999999998,-0.45748500000000003,0.484742,-1.7714734698826164,-1.433960445051106,0.16025598164237115
1,-2212,-0.46574099999999996,-0.198931,-2.52998,2.74548,-2.3115653964575227,-2.7379209922897285,0.5064466623860798
1,22,0.128911,-0.392946,-0.607416,0.7348319999999999,-1.177320114651029,-1.2537966483352707,0.4135512118674059
1,22,0.184807,-1.33936,-1.9436,2.36762,-1.1595988388950715,-1.4336805575663416,1.3520498647790324
1,22,0.27015,-0.06082819999999999,-0.330596,0.43124799999999996,-1.0120365431184586,-0.22147104667426193,0.2769135107127133
1,22,0.165165,-0.105049,-0.11294000000000001,0.225987,-0.5489899609454271,-0.5664878531612537,0.19574158890230764
1,2112,-1.65965,1.62364,-6.64098,7.09761,-1.7733190673729535,2.3671617079005336,2.3217762536687294
1,-211,-0.12376,0.0179192,-0.474709,0.510358,-2.044044735590864,2.9978019959891973,0.12505053110099132
1,211,0.229408,0.20779499999999998,-0.252666,0.423234,-0.745344213652103,0.7360036718362085,0.3095267233842661
1,-211,0.09721339999999999,0.46898,-0.101161,0.509025,-0.20967458968447675,1.3664040725347781,0.4789495647138225
1,-2212,-0.165949,0.6166510000000001,0.169495,1.14755,0.26239902794030645,1.8336815471532308,0.6385902648819508
1,211,-0.11682999999999999,0.12404200000000001,0.151063,0.26708699999999996,0.798819294686761,2.3262622189880733,0.17039855241169158
1,211,0.07026310000000001,-0.0683562,1.61614,1.6251200000000001,3.4966092117431335,-0.7716426493553817,0.0980279210227882
1,-211,0.067604,0.345542,2.3914400000000002,2.42124,2.6142781137016255,1.3775905387541525,0.3520931333894486
1,22,0.00317586,-0.25767199999999996,5.37009,5.37627,3.730558898304893,-1.5584717467124798,0.25769157081817706
1,22,0.122912,-0.241452,4.47273,4.48093,3.497934103758323,-1.0999321304093412,0.27093620660221845
1,22,-0.15726500000000002,0.100704,4.0481,4.0524,3.7699393570374573,2.572034103079497,0.186744680890782
1,22,0.00877713,0.00197106,0.0199409,0.0218761,1.5365527261916823,0.2209029461140147,0.008995726127472979
1,211,0.416716,1.2797399999999999,32.7398,32.7677,3.8851145093135533,1.255998772427198,1.3458776661554346
1,-211,0.08098510000000002,0.740801,16.8577,16.8747,3.8125260265031207,1.4619077399220504,0.7452145382525827
1,22,-0.0123581,0.0913583,4.21177,4.21278,4.515049685153711,1.7052508871850691,0.09219035532256072
1,22,-0.019116099999999997,-0.0372839,5.18021,5.18038,5.510505788581995,-2.0445659270220085,0.04189886010883828
1,22,1.07997,1.89159,61.8606,61.8989,4.039852918545725,1.0520243367982585,2.178175366906898
1,22,0.0430921,-0.01984,3.65213,3.6524300000000003,5.036789203706299,-0.4314764371162214,0.04744001140819846
1,22,0.0306687,-0.053795,1.36216,1.3635700000000002,3.784596969984167,-1.0526499321895693,0.0619231070335622
1,22,-0.00162167,0.038385199999999994,4.82421,4.82437,5.526001716647088,1.6130184913020955,0.03841944029562247
1,22,-0.10736400000000001,0.123893,62.5732,62.5734,6.637737384727813,2.284841237396969,0.16394055003262617
1,22,0.377417,0.09787380000000001,42.2383,42.2401,5.378358020886151,0.2537360342292351,0.3899011061993028
1,22,0.388816,0.07116010000000002,35.4184,35.4206,5.188585517872573,0.1810141139411726,0.39527413485834106
1,22,0.188187,-0.05525419999999999,15.1937,15.195,5.043042123020023,-0.2855871565502011,0.19613101128235688
1,22,0.207056,0.013425399999999999,28.4147,28.4154,5.612735447102438,0.06474882716579729,0.20749079136472537
1,22,-0.054812400000000004,0.594014,148.784,148.786,6.212259902139004,1.6628103557539502,0.5965375356084142
1,22,0.116682,-0.551074,76.7626,76.7647,5.607836319893382,-1.3621423935652903,0.5632914366471409
1,22,0.0613947,-0.196425,19.1261,19.1272,5.225098774364911,-1.2678563243655279,0.2057962337194002
1,22,0.0388542,-0.131878,3.0988700000000002,3.1019200000000002,3.8089345868017452,-1.2842804727502255,0.13748256522788624
1,211,-0.09832439999999999,-0.477062,6.71557,6.73465,3.3181966168161967,-1.7740541960115292,0.4870891494165724
1,-211,-0.0549153,-0.180505,3.3035699999999997,3.3119,3.5567018234592314,-1.8661306609305794,0.18867364733605485
1,22,0.205125,-0.38594,6.42796,6.4428,3.3826312160293717,-1.0822716855274725,0.43706515443924376
1,22,-0.132975,-0.00689863,0.0649375,0.148144,0.4701724516292767,-3.0897599716708557,0.13315382728587602
1,22,-0.0692437,0.047432499999999995,-0.0519056,0.09868500000000001,-0.5845611997224182,2.5409993436031493,0.08393171061011447
1,22,-0.126388,0.340336,16.2308,16.2349,4.493408178426941,1.926374076725059,0.36304616709173504
1,22,-0.10858699999999999,0.318753,10.2657,10.2712,4.110665017863158,1.899128019519823,0.3367411640681905
1,22,-0.0324157,-0.13048099999999999,0.331119,0.357373,1.6333324185138476,-1.8142990007298658,0.134447272071582
1,22,0.09232380000000001,-0.0771709,0.286135,0.310406,1.6009206123270132,-0.6962347679935279,0.12032884879882298
1,211,0.13209200000000001,0.0345588,-6.843260000000001,6.84605,-4.6076637205627735,0.25589119411162925,0.13653793290305813
1,-211,-0.180032,-0.24203200000000002,-15.0553,15.0589,-4.6034748979106075,-2.2103404843315677,0.3016471615115912
1,211,-0.178097,-0.21183200000000002,191.998,191.998,7.235268302517967,-2.269893631713027,0.27675140041741436
1,-211,-0.229688,-0.0624145,59.5772,59.5778,6.2158368163502775,-2.876263475938594,0.23801711525486985
1,22,-0.24843,-0.0315982,78.9644,78.9648,6.44671686170586,-3.0150803976086844,0.2504314499882952
1,22,-0.309872,0.08437919999999999,132.944,132.944,6.71890816966945,2.8757351720565922,0.32115495602067234
1,22,-0.181042,0.259534,0.19326,0.370788,0.5780060532982018,2.179886621233089,0.31643973031210854
1,22,0.0155891,0.07753099999999999,0.0197225,0.081505,0.2468753856284633,1.3723728539414224,0.07908271618887402
1,22,0.153873,0.632975,-35.4568,35.4628,-4.690163509307576,1.3323270570785068,0.6514094340382245
1,22,0.019900099999999997,0.037517199999999994,-1.0866799999999999,1.08751,-3.9356539466360103,1.0831051924612611,0.04246827375641726
1,22,0.00420939,0.0171113,0.649433,0.649672,4.3003138689478675,1.3295853362227852,0.0176214514686532
1,22,-0.362053,0.126805,35.1202,35.1223,5.210064497728317,2.804705130937176,0.38361684378296007
1,2112,0.298827,-0.010042299999999999,4.68228,4.7849699999999995,3.445276334994787,-0.033593089485819495,0.2989956918055677
1,22,0.367309,-0.0906396,-0.473217,0.605859,-1.0481015687083184,-0.24193317327324643,0.3783271581173627
1,22,-0.00973913,-0.00971744,-0.00534351,0.0147591,-0.379240115312514,-2.357309280261451,0.013757881134480702
1,22,-0.075222,-0.8289120000000001,1.7820200000000002,1.96681,1.5049848320229553,-1.6612963141400006,0.8323181200887075
1,22,0.0205329,-0.0294063,0.11442000000000001,0.11990899999999999,1.8769534446377265,-0.9612469445103202,0.03586544942001982
1,22,-0.0219262,-0.0673808,0.42893000000000003,0.43474300000000005,2.5005094841120834,-1.885396514320492,0.0708585242231307
1,22,-0.116194,-0.091382,2.76962,2.77356,3.6243066427037887,-2.475162155672208,0.14782325784530662
1,22,0.0100117,0.20515799999999998,-3.68968,3.6954,-3.582246347692296,1.5220350602002828,0.2054021399618076
1,22,0.18974000000000002,0.504037,-12.5654,12.577,-3.8433962476994217,1.210763247154432,0.5385671406324377
1,22,-0.0348932,-0.030715,-0.0971402,0.10769000000000001,-1.4830311703575065,-2.419792717910216,0.04648598316955338
1,22,-0.0925252,-0.34219499999999997,-1.8159,1.85017,-2.336216231923348,-1.8348691589912192,0.3544831881204523
1,22,-0.15593800000000002,0.080022,-19.6529,19.6537,-5.4128097247317255,2.6674682119219626,0.1752717328264886
1,22,-0.13893699999999998,-0.055236,-18.6547,18.6553,-5.519625055855105,-2.7631902108659756,0.14951423231585678
1,22,-0.358092,-0.245928,-53.3726,53.3743,-5.504231941053843,-2.5397989835233608,0.4344081740114935
1,22,-0.057254599999999996,-0.022893900000000002,-3.4899400000000003,3.4904900000000003,-4.729194861986259,-2.7612058328954423,0.06166214299203361
1,22,-0.11234200000000001,-0.24904,-7.756760000000001,7.76157,-4.03955023086545,-1.9945648240309377,0.27320623448962505
1,22,0.021944400000000003,-0.049826300000000004,-3.21814,3.2186,-4.772593485085286,-1.15593929490917,0.054444621984636836
1,22,-0.00168354,-0.22296100000000002,-3.73255,3.7392,-3.511859634800653,-1.578347010571077,0.22296735596927997
1,22,-0.08502330000000001,-0.25053000000000003,-2.81537,2.82777,-3.0601123986760257,-1.897973349356028,0.26456425012251755
1,22,-0.480055,0.558697,-1.3987,1.58081,-1.3974544109209168,2.280630483411271,0.7366105761078917
1,22,-0.0965068,0.21662399999999998,-0.5277149999999999,0.5785520000000001,-1.5400592444764223,1.989904866540212,0.23714872932874845
1,211,-0.09033730000000001,0.048585500000000004,0.08022869999999999,0.190887,0.7186737874622094,2.6481462388828416,0.10257377141131159
1,-211,0.338275,0.467742,-0.029684699999999998,0.5946199999999999,-0.05140208746431402,0.9446633936366771,0.5772456619057436
1,22,-0.17964000000000002,0.5780770000000001,-2.85902,2.9224099999999997,-2.2566052351270542,1.8720901535766084,0.6053458082195664
1,22,0.0168888,0.194714,-0.995453,1.0144600000000001,-2.330566481624388,1.4842764181689307,0.19544506481730356
1,22,-0.07147039999999999,0.020522299999999997,-0.226019,0.237936,-1.8308909511092666,2.8619716382850813,0.07435847546480494
1,22,0.0332017,0.0462653,-0.038151199999999996,0.06854450000000001,-0.6278796389151381,0.9483311346596218,0.056945859085450634
1,211,-4.4536,-4.68885,-4.58144,7.92647,-0.6595772961980163,-2.330468552430811,6.466828224292029
1,-211,-4.31513,-3.10683,-3.85901,6.57147,-0.6736408330018753,-2.517579307502223,5.317211634475348
1,211,-0.0235009,0.054046000000000004,-0.224652,0.270964,-2.048052230472242,1.9809647344869064,0.05893439078169894
1,-211,-0.428233,-0.21383200000000002,-1.7953400000000002,1.8632900000000001,-2.032437464930685,-2.6784766721790554,0.4786518844765995
1,211,0.012961000000000002,0.07567860000000001,-0.825416,0.8406469999999999,-3.070240796965038,1.401178183864167,0.0767804533651632
1,-211,-0.00630656,0.378729,-0.470826,0.620188,-1.0432136461372892,1.5874466947097636,0.37878150448514986
1,211,0.0646867,-0.07285189999999998,0.027097900000000005,0.172354,0.2746722931691505,-0.8446951736401789,0.09742570754426162
1,-211,-0.27962,0.17438,-0.16378299999999998,0.393574,-0.47853314605140357,2.5839776215564507,0.3295386605544181
1,22,0.109779,-0.233541,0.140033,0.293601,0.5190268301084079,-1.1313837801561308,0.2580558612432587
1,22,0.141506,-0.08134630000000001,0.14213800000000001,0.21643600000000002,0.7870275132110673,-0.5217299140445791,0.1632212258246151
1,22,-0.47670799999999997,-0.5359010000000001,17.0798,17.0949,3.863822023366307,-2.2978050079904295,0.7172450063018913
1,22,0.00060107,-0.044825,0.8676790000000001,0.868836,3.6567797584296553,-1.5573878721799874,0.044829029770282774
1,211,0.23150900000000002,0.19564700000000002,5.10482,5.11571,3.5178803091885698,0.7016393096798623,0.30310751506684885
1,-211,0.027856,0.542104,10.3324,10.3476,3.640100001093909,1.5194565070748587,0.5428192181122551
1,22,0.014044999999999998,-0.029787400000000002,-0.0195936,0.0383205,-0.5645000217760703,-1.130200930930561,0.03293252531707826
1,22,-0.257702,-0.140596,-0.19092,0.35018299999999997,-0.6115267771632702,-2.6421524103953655,0.2935601403801272
1,22,0.251131,0.0606895,-0.396403,0.47316499999999995,-1.2136420513247599,0.23711842894643795,0.2583602031491112
1,22,0.48651700000000003,0.26198299999999997,-1.12806,1.2561200000000001,-1.4620325868173931,0.4939609801225764,0.552570252165279
1,22,0.264322,-0.402587,1.9215099999999998,1.9809400000000001,2.092238922815518,-0.9898242252675936,0.48160399941549487
1,22,-0.00450141,-0.007526000000000001,0.17699600000000001,0.177213,3.6986126168712192,-2.109828303395554,0.008769456538925318
1,22,0.586361,-0.46447299999999997,0.23413499999999998,0.78382,0.30810285694878614,-0.6699225118741469,0.748033682430143
1,22,0.297573,-0.351021,0.0879473,0.468508,0.18997039264203508,-0.8676183300197782,0.460179783095694
1,22,0.211466,-0.23285100000000003,-0.11302100000000001,0.33423200000000003,-0.3520034191232515,-0.8334911018085001,0.31454325196544913
1,22,0.223755,-0.488183,-0.126611,0.551742,-0.23363520155037798,-1.1410265006332654,0.5370185671967032
1,22,0.200966,0.0361913,-2.3346,2.3435099999999998,-3.1315562033115274,0.1781768979551254,0.20419878391334753
1,22,0.18575,-0.09329910000000001,-2.0028599999999996,2.01361,-2.9612726082566767,-0.4654724814208533,0.20786482280754
1,22,-0.0177268,0.00518381,-0.00147105,0.0185277,-0.07956484858910998,2.857097182031007,0.01846919934258386
1,22,0.216104,-0.08602939999999999,0.0994271,0.252958,0.4154113993991471,-0.3788609731345494,0.2325983587224123
1,22,-0.00402118,-0.00530667,-1.7674599999999998,1.76747,-6.274611507463475,-2.219245094570339,0.006658125493057336
1,22,-0.36334,-0.342592,-18.1183,18.1252,-4.28463775262167,-2.3855769645205247,0.49938485566144275
1,22,0.20225,-0.203246,-7.373010000000001,7.378589999999999,-3.9405659359851097,-0.7878544095675584,0.28672983628496007
1,22,-0.00228391,0.017365000000000002,-0.37021,0.37062399999999995,-3.744744699897781,1.7015694690823957,0.017514550233679996
1,22,0.495644,0.9039280000000001,-62.1479,62.1565,-4.792303609027313,1.0692419876550954,1.0308970869684326
1,22,0.0507942,0.0425329,-2.79055,2.79134,-4.433842499531118,0.697108448808511,0.06625027046020265
1,22,0.297204,0.20438299999999998,-2.2913099999999997,2.3195200000000002,-2.5481251845391406,0.6024135691518034,0.36069741932123667
1,22,0.046593800000000005,-0.0100662,-0.156244,0.163354,-1.9027874223367904,-0.21277154439023266,0.04766875896097989
1,22,-0.173258,-0.0596876,-0.363698,0.40725500000000003,-1.4367712553075622,-2.809824859331816,0.18325104135518575
1,22,-0.09634780000000001,0.04203030000000001,-0.411137,0.42436199999999996,-2.072961384042931,2.730244323225434,0.1051163388010161
1,22,0.370849,-0.170076,-7.924580000000001,7.93508,-3.660294153025073,-0.4299929866489966,0.4079887579051658
1,22,-0.0108137,-0.005758699999999999,-0.124483,0.125085,-3.0140825114776106,-2.6522551805180625,0.012251478824207305
1,211,0.771219,-0.21568,-7.00628,7.05328,-2.865335844084902,-0.2726944690347641,0.8008099701933037
1,-211,1.19107,-0.31101100000000004,-14.6847,14.7369,-3.173873875681853,-0.2554159122207908,1.2310059248521106
1,22,0.0157493,-0.08369460000000001,-0.580274,0.58649,-2.6174162774176915,-1.384795589000745,0.08516352810710698
1,22,0.09404989999999999,-0.37298000000000003,-5.44536,5.4589300000000005,-3.3445646580866892,-1.3237876153189192,0.38465499358517374
1,22,0.108928,0.0196725,-0.186949,0.217261,-1.2951988445349845,0.17867496495417923,0.11069018222159542
1,22,0.478645,0.13284300000000002,-0.398453,0.636799,-0.7343382183280641,0.2707258332430978,0.49673765578421775
1,22,-0.390289,0.676793,0.946691,1.2274399999999999,1.0234684918770458,2.0938878334934423,0.7812645316216524
1,22,-0.108493,0.374298,0.444928,0.591465,0.9781123574695842,1.8529220949120662,0.3897046623444477
1,22,-0.217993,0.194636,1.0110299999999999,1.0524200000000001,1.9545593262011884,2.412739476859926,0.2922398339463667
1,22,-0.083083,0.0881037,0.195473,0.22994499999999998,1.2564613191052436,2.3268740980315505,0.12109932635109907
1,22,0.0982886,-0.023332299999999997,0.314605,0.330426,1.8539796523558991,-0.23307152271505138,0.10102002332829864
1,22,0.060851199999999994,0.09080419999999999,0.179489,0.210154,1.271059191427793,0.9803954430808414,0.10930814827395073
1,22,-0.150786,0.277385,6.734539999999999,6.74193,3.7538465348750845,2.0687112824774987,0.3157195844748944
1,22,-0.25546599999999997,0.288902,11.2515,11.2581,4.0667628262832825,2.2948498707888407,0.38565171172963825
1,22,0.0868282,0.062367200000000005,99.531,99.5311,7.529425846277888,0.6228911846735713,0.10690558428389044
1,22,-0.0334796,-0.024772799999999998,28.6512,28.6513,7.226839394021979,-2.504562933081196,0.04164823208732874
1,22,0.072475,-0.174061,12.7001,12.7015,4.903221712732659,-1.1762520343400142,0.18854669805117244
1,22,0.12881800000000002,-0.151754,24.8061,24.8069,5.518421167008817,-0.8669640824111676,0.19905615700098303
1,22,0.06925060000000001,0.138396,2.11305,2.1187099999999996,3.308530133777282,1.1068447089906683,0.15475496249348517
1,22,0.00860574,0.023547099999999998,2.23826,2.2384,5.184944953906619,1.2204074869551975,0.025070394479497125
1,22,-0.195964,0.264522,-0.15700699999999998,0.364725,-0.4604850363815107,2.208398282886611,0.3292017280938847
1,22,-0.0339999,0.0769773,0.0257302,0.08799739999999999,0.3011856833076283,1.98671599004919,0.0841516364386338
1,22,-0.0394102,-0.502007,0.754707,0.907274,1.1940796413730401,-1.6491409222912599,0.5035515782052916
1,22,0.0162753,-0.00290202,0.010203299999999998,0.0194271,0.5835047411168862,-0.1764537831679734,0.016532002606169646
1,22,-0.018735599999999998,0.0562845,7.4674,7.467639999999999,5.528503643711871,1.8921326780445729,0.059320887110780804
1,22,0.0752203,0.133995,6.42071,6.42255,4.425803199865027,1.0592683635498985,0.15366441864364697
1,22,0.128588,0.137722,2.66153,2.66819,3.3423789070219474,0.8196830976681376,0.18842033602559996
1,22,-0.015955700000000003,-0.0172757,0.463683,0.464279,3.6752808498688876,-2.3164938929664056,0.023516678612848372
1,211,-0.29023699999999997,0.0404492,0.424331,0.534238,1.1655801333881797,3.0031184763724372,0.2930420685663408
1,-211,-0.325698,0.528429,1.32485,1.4697,1.5021373701817684,2.1231522999358527,0.6207385884935784
1,211,0.573553,-0.385173,34.3326,34.3398,4.5991264738769,-0.591379942417854,0.6908844214034645
1,-211,0.040446699999999995,-0.395978,19.1632,19.1679,4.567453766860239,-1.4690055477610524,0.39803832984386067
1,211,0.016064600000000002,0.138379,-1.77305,1.78398,-3.238453544358263,1.4552223636560724,0.1393083594554182
1,-211,-0.23176799999999997,0.21854099999999999,-9.0552,9.061869999999999,-4.04075925795612,2.3855592107705825,0.31855388006583746
1,22,0.148293,0.115656,-1.2349,1.24914,-2.580871656592763,0.6623737162485585,0.18806149043597417
1,22,0.285333,0.20227699999999998,-3.8715800000000002,3.88735,-3.099356765969865,0.6166845251951482,0.3497583531783051
1,22,-0.042218900000000004,-0.0657237,-2.9462099999999998,2.94725,-4.323408527271869,-2.1417886798487036,0.07811555708628083
1,22,-0.014901499999999998,-0.0848794,-0.750171,0.755105,-2.860321835536183,-1.7445861301690828,0.08617753330543872
1,22,-0.0323378,-0.08380800000000001,-7.8959399999999995,7.89645,-5.169359240233414,-1.9390502493560111,0.08983047463327799
1,22,0.0133363,-0.419925,-64.8162,64.8176,-5.731888356105759,-1.5390482313924636,0.4201367188460085
1,22,0.0716746,0.158382,-0.0645379,0.18543800000000002,-0.3631999935886648,1.1458299963450864,0.17384506380441178
1,22,-0.016931900000000003,0.0459459,0.0446666,0.0662784,0.8178984300265982,1.9238722419977217,0.04896646775518936
1,22,0.0930197,0.286769,-0.305348,0.4291,-0.8904209323271065,1.2571329600504566,0.30147823130217877
1,22,-0.0251037,0.039968000000000004,-0.0074175,0.0477772,-0.15651775164010043,2.1316181476730884,0.04719784717219632
1,22,0.0408719,0.140453,0.0298052,0.149285,0.20237161959114028,1.2876162222033969,0.14627903957372018
1,22,0.136151,0.10195900000000001,-0.0634734,0.181553,-0.3650028094454689,0.6427756370993186,0.17009624476160548
1,22,-0.0732808,0.0045975,0.0596379,0.0945933,0.7421899431020605,3.078936648541966,0.07342487762938389
1,22,-0.270117,-0.00577898,-0.0487561,0.274543,-0.1794932687662461,-3.120201558151337,0.2701788117133547
1,-211,-0.06688229999999999,0.0557659,0.646891,0.667481,2.702987564386736,2.4465839852516678,0.08708086848498928
1,211,-0.149819,-0.037358499999999996,-0.0929005,0.227929,-0.5702491492894666,-2.8972187329848422,0.15440657461147825
1,22,-0.134376,0.23266199999999998,1.7343,1.75499,2.5639350320711465,2.094551533029451,0.2686792057826582
1,22,-0.0867109,0.049417699999999995,1.21099,1.2151,3.1908236185731025,2.6235895243854044,0.0998042546793472
1,22,-0.0335314,0.110669,0.0132764,0.116397,0.11455997249490764,1.8649923203188175,0.11563728787445683
1,22,-0.021131900000000002,0.0902921,0.164668,0.18898399999999999,1.3385986003890007,1.800697671940587,0.09273198218532806
1,22,0.20975700000000003,-0.0211305,-1.71357,1.72649,-2.79224588479494,-0.10039928889991537,0.21081863551225732
1,22,1.29102,0.182023,-9.64446,9.73218,-2.698794182456478,0.140068365686607,1.3037887148341945
1,22,0.19973,0.0394149,-1.21028,1.22728,-2.4826854136507226,0.19483744021064822,0.20358194232792357
1,22,0.00705984,0.0140965,-0.637313,0.637508,-4.392733679196093,1.1064911822122947,0.01576555273612695
1,22,0.184001,0.0493565,-1.15198,1.16762,-2.4994703417553517,0.2620710590435091,0.19050572719278022
1,22,0.526745,0.00218633,-4.48152,4.51237,-2.8375756065342563,0.004150618316052475,0.5267495373171854
1,22,0.00942561,0.492062,-5.62218,5.643669999999999,-3.1307440213122963,1.5516433391269882,0.49215226705550397
1,22,0.10263199999999999,0.437062,-6.23281,6.24896,-3.3251117476737946,1.3401525651688566,0.4489504641583523
1,22,0.197049,0.0162269,-1.52778,1.5405200000000001,-2.742047388561949,0.08216417178193437,0.19771601018787022
1,22,0.151568,-0.0579092,-0.681198,0.7002550000000001,-2.141728608356433,-0.36495235273629373,0.16225391850010898
1,-16,0.176566,-0.0867587,-1.42303,1.43656,-2.676603697604656,-0.4567173620247692,0.19672982585690965
1,211,0.347437,-0.16436900000000002,-1.35379,1.4142,-1.971809159275089,-0.4418888644583895,0.3843561332020084
1,22,-0.055119600000000005,0.010100299999999998,0.0845319,0.10141900000000001,1.1994643415542456,2.960359940535001,0.056037365786143094
1,22,0.00778803,-0.037754199999999995,-0.035392,0.052331899999999994,-0.8222615403652584,-1.3673672837248139,0.038549098937859745
1,22,0.15318099999999998,0.05627719999999999,0.215146,0.270036,1.0895979134678333,0.35208244148891477,0.16319173386185953
1,22,-0.00968355,0.0589307,0.13886300000000001,0.151161,1.5802785324806297,1.7336618437615396,0.05972100587810373
1,2112,-0.250706,-0.20485,-1.5706,1.8586,-2.2828319063290206,-2.4565159851070626,0.3237545689808871
1,-2212,0.118576,-0.14316700000000002,-0.7144199999999999,1.1938600000000001,-2.0559469734921794,-0.8790741267819463,0.18589528682836476
1,211,-0.0554004,-0.0854204,-0.161184,0.236275,-1.2400138770837745,-2.1461597768984877,0.10181281381201483
1,22,-0.030334800000000002,-0.0193252,-0.0130654,0.038267,-0.3557066856644994,-2.5743653117503995,0.035967533222060144
1,11,-0.0184077,0.06976139999999999,-0.0243391,0.07614560000000001,-0.33125303979613324,1.8287826847875301,0.0721491257691318
1,-11,-0.0366477,0.11991199999999999,-0.042316,0.13233599999999998,-0.3313841303653279,1.8674025601476532,0.12538716704388053
1,22,-0.10022,-0.12202400000000001,-0.17538800000000002,0.23599699999999998,-0.9575390130547371,-2.2583990721100573,0.15790473386190804
1,22,-0.176873,-0.193949,-0.62834,0.680964,-1.607042966254945,-2.310177950280331,0.262488614476895
1,22,-0.115095,0.0408092,-0.47293900000000005,0.48845,-2.0634101229994717,2.8008526437656545,0.12211572310574917
1,22,-0.162753,0.220419,-0.663537,0.717882,-1.6177578167552376,2.2068191179931027,0.27399466157208247
1,22,-0.24036,-0.00622673,-3.18739,3.19645,-3.279051198369336,-3.1156925969495175,0.240440640837802
1,22,-0.839354,-0.197758,-14.1606,14.1868,-3.4926467627148545,-2.910205174639039,0.8623359924530578
1,22,-0.119999,-0.0428851,-54.3594,54.3596,-6.748939198773653,-2.798359466131572,0.12743191045813446
1,22,0.0258192,0.0212828,-7.709,7.70907,-6.132937330296152,0.689384161042729,0.03346025499723515
1,22,-0.0566867,-0.280702,-84.5483,84.5488,-6.380948383950314,-1.7700625228500948,0.2863686343873749
1,22,0.00426294,0.0110031,-1.12455,1.12461,-5.250210295443016,1.2011721921399143,0.011800036739502128
1,22,0.107279,0.050918,-1.60955,1.61392,-3.3011995034513775,0.4431476861799284,0.11874942764072592
1,22,0.0713355,-0.00601388,-3.4910300000000003,3.4917599999999998,-4.580269265366237,-0.08410529371645478,0.07158854875540081
1,22,-0.013008700000000002,0.166917,-24.3687,24.3693,-5.673689341762598,1.6485742510391252,0.16742315002618366
1,22,-0.126834,0.122332,-18.3371,18.338,-5.338142920392939,2.3742608001399894,0.17621572512122746
1,22,0.160706,0.254985,-2.00821,2.0307,-2.59528242081104,1.0084258531705768,0.30140300041804496
1,22,0.112821,0.0443671,-1.1272,1.1337,-2.925818536815959,0.3746757577738055,0.12123125670968689
1,22,-0.0440788,-0.0411425,-1.21899,1.22048,-3.7002651880923803,-2.3906358667837924,0.0602963175964337
1,22,0.0844812,-0.00348207,-2.57234,2.57373,-4.108610722278576,-0.04119378240511373,0.08455292996061639
1,2212,0.12137300000000001,-0.6390060000000001,-2.65369,2.88885,-2.1139103835306527,-1.38309198775524,0.6504306828286932
1,-211,-0.076257,-0.261299,-0.729753,0.791272,-1.7124162969256242,-1.8547484086616188,0.2721990033964122
1,22,0.0591265,-0.11160199999999999,-0.28042100000000003,0.30754899999999996,-1.538040491446925,-1.083595576802368,0.12629706808255683
1,22,0.060154099999999995,0.0256998,-0.0706811,0.0963058,-0.9371787820473582,0.4037602637243296,0.0654140311160381
1,22,-0.0584475,0.149423,-0.09772549999999999,0.187866,-0.5765966279769428,1.9436542147287816,0.16044732215044913
1,22,-0.133218,0.0643217,-0.18674200000000002,0.23823699999999998,-1.0552771080977263,2.691774831002787,0.1479334871315146
1,22,0.0029515,0.0997009,1.03405,1.03884,3.0340909569089516,1.5412014259341154,0.09974457786295954
1,22,-0.029439299999999998,0.175247,4.81008,4.813359999999999,3.99184633056332,1.7372298333971765,0.17770251375118476
1,22,0.038756099999999995,0.0466921,1.9025,1.90346,4.138694362186507,0.878007479388127,0.060681030723118076
1,22,0.182669,0.262875,3.95143,3.9643699999999997,3.2079480171795978,0.9635086675685302,0.3201112762556171
1,22,0.07403799999999999,0.0182772,2.2291,2.2304,4.068636226506315,0.24202347545645803,0.07626061554852544
1,22,0.6915560000000001,0.644019,27.0387,27.0552,4.0473002356110666,0.7498202729161113,0.9449921552568572
1,22,0.132983,0.0255684,6.764639999999999,6.7659899999999995,4.604340295774796,0.1899501889618535,0.13541868913691343
1,22,0.0723244,0.143058,6.24072,6.24277,4.355109635489218,1.1027106311399943,0.16030099874723175
1,22,0.386908,0.316304,15.1273,15.1356,4.103576369270369,0.6853313538259098,0.4997459563418197
1,22,0.0938692,0.07822660000000001,6.34554,6.3467199999999995,4.643155689684729,0.694752526760595,0.12219176590998267
1,211,-0.0321475,0.00114041,0.8959309999999999,0.907308,4.020369200061718,3.1061332247983087,0.032167721262441024
1,22,0.0479336,0.0334548,0.06768930000000001,0.0894354,0.9888021966066711,0.6093424013166804,0.058453859171144554
1,22,-0.027752600000000002,-0.0727923,0.0326547,0.0844704,0.4077744876470954,-1.9350415830021688,0.07790331023807653
1,22,-0.135674,-0.10339300000000001,-1.70438,1.7128900000000002,-2.997394109546246,-2.4904117895809583,0.1705800302643894
1,22,0.00346423,0.00600637,-0.936578,0.9366040000000001,-5.598987894972866,1.0476408611186356,0.006933784685855193
1,22,-0.07418639999999999,-0.046889099999999996,116.04799999999999,116.04799999999999,7.880275234451635,-2.577943719760874,0.08776223358466896
1,22,-0.0916337,0.09139680000000001,138.007,138.00799999999998,7.665127034931692,2.357488809268729,0.12942221612200125
1,22,0.129912,0.0640436,0.5592689999999999,0.57772,2.0605072082714893,0.45801326740552456,0.14484029289172265
1,22,0.0042355,-0.0250622,0.0174393,0.030825,0.641251765069943,-1.4033786994569384,0.025417579135118277
1,22,0.07404880000000001,-0.0438418,0.0781178,0.116223,0.81463431505093,-0.5345654835738658,0.08605421668157814
1,22,-0.033523000000000004,-0.034957300000000004,-0.024022799999999997,0.0540639,-0.4776272211977874,-2.335252842421145,0.048433504439488996
1,22,0.0647278,0.0399212,-0.030367500000000002,0.0818875,-0.3894010863822375,0.5526484084627591,0.07604860486741358
1,22,0.0476574,0.20063699999999998,-0.286451,0.35296,-1.1316065382502798,1.3375876875655608,0.20621938207588536
1,22,-0.10097,-0.187755,0.849131,0.875483,2.090608752193756,-2.0642055451295445,0.21318274068272977
1,22,-0.0489835,-0.0549738,0.814757,0.818078,3.0990085338729347,-2.298635442749848,0.0736308492324379
1,22,-0.00493192,0.015416399999999999,-0.00190658,0.016298,-0.11752062651807596,1.88042112893494,0.01618608117631936
1,22,-0.14445999999999998,-0.181585,0.318052,0.39369899999999997,1.1208253545954872,-2.242818137767424,0.23203836714000553
1,22,0.042188300000000005,0.011773899999999999,-0.184598,0.189723,-2.1454707380880387,0.2721551470264723,0.04380042668856093
1,22,-0.10668399999999999,0.014251400000000001,-0.383474,0.398293,-1.9828410406169028,3.008793694232668,0.10763167869154507
1,22,0.220823,-0.000413845,-0.475601,0.524365,-1.510358644110267,-0.0018741005940976884,0.22082338779369368
1,22,0.20814000000000002,-0.114226,-0.720517,0.758627,-1.8293739103305025,-0.501916889902515,0.23742333220641987
1,22,-0.0290534,-0.0687919,0.129049,0.149098,1.3149963845537023,-1.9704096646085287,0.0746754682420539
1,22,0.11853,-0.0918629,0.39159,0.419321,1.6877874898182494,-0.6593214005989987,0.14996050578872425
1,22,0.00305941,-0.0506563,0.020621,0.05477819999999999,0.395911986627434,-1.5104741501883654,0.05074860312597875
1,22,-0.0603357,0.05365639999999999,-0.049469400000000004,0.0946922,-0.5796661630457579,2.41472198186287,0.080742838415862
1,130,-0.281084,-0.343502,-0.24852,0.711604,-0.5341545245172983,-2.2565901975787024,0.4438488921468657
1,22,-0.013363499999999999,-0.1257,-0.0757952,0.14739000000000002,-0.5684869473673979,-1.6767111417476366,0.12640835863284516
1,22,-0.00239861,0.030211500000000002,0.00902068,0.031620499999999996,0.29341921692492207,1.6500240770817725,0.03030656797102074
1,22,-0.051381100000000006,0.041516500000000005,-0.0350834,0.07479630000000001,-0.5088552621628591,2.4619859372949007,0.06605783230972691
1,22,0.043785500000000005,0.0889657,0.056989,0.11436700000000001,0.5470411236970586,1.1134390890036387,0.0991567737814215
1,22,-0.020107,0.00597532,0.126611,0.12833699999999998,2.4976762228733493,2.8527285951957144,0.020976079188027488
1,22,0.03,-0.10151,0.061891699999999994,0.122617,0.5556695888412634,-1.2834386859025428,0.10585027208278683
1,22,0.019149400000000004,-0.055096400000000004,0.026872800000000002,0.064222,0.44579492813278826,-1.2362953364713838,0.058329347787541744
1,22,0.0580022,0.00782082,-0.0958664,0.11232,-1.2689441840270412,0.1340282586137766,0.058527091421942366
1,22,0.0526461,0.0324993,-0.108623,0.125007,-1.3287141638692905,0.5530549274204875,0.06186934900013091
1,22,-0.07151519999999999,0.022382299999999997,-0.300374,0.30958,-2.096750687770951,2.8382772650196677,0.07493591384863468
1,-2212,0.125172,0.115001,2.46133,2.63958,3.367112710735475,0.7430748119567646,0.1699801740939219
1,211,-0.0394315,0.0117071,0.176371,0.228645,2.1622616635846774,2.8529849351903094,0.041132704538602856
